1.362137
1.360122
1.360129
1.360976
1.365923
1.366696
1.36815
1.368985
1.371464
1.372931
1.374945
1.377304
1.377732
1.377993
1.379099
1.379317
1.380224
1.379916
1.380409
1.380334
1.380518
1.378006
1.377791
1.375142
1.375963
1.370206
1.368199
1.368091
1.367558
1.365436
1.365412
1.362679
1.361382
1.360456
1.365082
1.365453
1.366113
1.367899
1.376066
1.374547
1.374443
1.376018
1.377
1.378578
1.380581
1.385259
1.387139
1.390025
1.392093
1.392853
1.394374
1.395442
1.396481
1.398284
1.398441
1.399155
1.400013
1.40192
1.403341
1.406112
1.40649
1.407458
1.411147
1.416436
1.418212
1.41801
1.419099
1.421361
1.422085
1.423103
1.425328
1.427175
1.428585
1.431407
1.431474
1.430873
1.430488
1.420143
1.420039
1.422552
1.420929
1.421097
1.404064
1.403152
1.404071
1.420507
1.421364
1.420445
1.420773
1.42398
1.424218
1.424526
1.426218
1.428503
1.430242
1.431763
1.435935
1.440227
1.442241
1.444591
1.446748
1.447727
1.454309
1.456416
1.460884
1.466351
1.47059
1.473418
1.474996
1.476423
1.476916
1.478333
1.484247
1.484669
1.485007
1.485439
1.487825
1.494557
1.495502
1.495863
1.497408
1.49793
1.499247
1.498801
1.497829
1.499135
1.500867
1.502013
1.503049
1.499278
1.504313
1.505077
1.505848
1.506219
1.504547
1.503957
1.504389
1.504871
1.505464
1.505802
1.504659
1.504762
1.504189
1.505042
1.504463
1.504895
1.503487
1.501482
1.501478
1.500446
1.499635
1.49957
1.498659
1.496754
1.49606
1.495785
1.496052
1.494766
1.49322
1.494161
1.490156
1.487283
1.488465
1.489058
1.487064
1.485716
1.486077
1.484669
1.484616
1.483539
1.482071
1.48256
1.482285
1.480059
1.479432
1.478827
1.478548
1.477794
1.478554
1.480192
1.481056
1.483342
1.486065
1.490518
1.491499
1.492979
1.493268
1.493639
1.4939
1.494128
1.494328
1.494717
1.494442
1.49472
1.494776
1.494026
1.494504
1.493703
1.492416
1.492623
1.492669
1.490222
1.489107
1.487267
1.486981
1.485848

1.485462
1.484712
1.483961
1.483625
1.482864
1.482307
1.480959
1.480923
1.480034
1.479665
1.47751
1.476849
1.478597
1.477333
1.476029
1.476524
1.476641
1.475669
1.475776
1.475501
1.475396
1.475526
1.474976
1.47385
1.473121
1.472702
1.471727
1.4725
1.470821
1.470696
1.469563
1.468255
1.467119
1.466147
1.464296
1.462131
1.460723
1.45779
1.456768
1.451402
1.450912
1.450355
1.449443
1.446611
1.439304
1.43774
1.436757
1.434696
1.434317
1.433931
1.432151
1.431816
1.431
1.429207
1.427755
1.428089
1.427649
1.425809
1.425225
1.424252
1.422824
1.420565
1.418133
1.417593
1.414529
1.413392
1.413013
1.412315
1.411355
1.410333
1.409843
1.410593
1.41078
1.411914
1.41159
1.411235
1.410192
1.409176
1.408509
1.406729
1.405857
1.405531
1.405487
1.404073
1.403251
1.402229
1.401689
1.400173
1.399348
1.397286
1.391155
1.38904
1.388899
1.388998
1.387098
1.388364
1.388323
1.387893
1.38675
1.386625
1.386324
1.386866
1.387144
1.387308
1.387953
1.389043
1.389736
1.390407
1.39095
1.391714
1.391975
1.393407
1.393735
1.394256
1.394695
1.395298
1.396398
1.396769
1.39661
1.396773
1.397969
1.399167
1.399274
1.400145
1.402376
1.403653
1.405056
1.406832
1.406889
1.407552
1.408427
1.408655
1.408144
1.405659
1.406315
1.405825
1.405422
1.404423
1.403672
1.402368
1.402314
1.401181
1.400045
1.398255
1.397536
1.398461
1.397515
1.395325
1.393073
1.392743
1.390906
1.390623
1.38869
1.386032
1.386007
1.385377
1.382937
1.382235
1.380888
1.380431
1.3779
1.376764
1.376549
1.374488
1.373297
1.373233
1.370586
1.370421
1.370102
1.369237
1.367758
1.365918
1.364731
1.362666
1.36153
1.36099
1.360125
1.359739
1.359321
1.358322
1.35797
1.357862
1.355697
1.354938
1.353208
1.352872
1.352593
1.350985
1.350656
1.349079
1.348911
1.347142
1.346769
1.346369
1.346211
1.346003
1.345684
1.344159
1.343557
1.343402
1.342824
1.341641
1.340337
1.339455
1.338754
1.337661
1.337447
1.336635
1.336521
1.336205
1.335561
1.334917
1.333931
1.333358
1.331275
1.329663
1.328691
1.327655
1.326793
1.326343
1.325603
1.324074
1.323849
1.322569
1.320708
1.318998
1.318166
1.316614
1.315728
1.31412
1.312979
1.312644
1.311963
1.310769
1.310758
1.310102
1.30973
1.309411
1.309203
1.308756
1.309527
1.310337
1.31145
1.312618
1.313343
1.313825
1.313945
1.314052
1.314058
1.314559
1.314451
1.313857
1.313487
1.314561
1.315171
1.315659
1.316148
1.316641
1.316952
1.31713
1.314966
1.314978
1.314716
1.315845
1.315737
1.315518
1.314814
1.311682
1.311524
1.311138
1.311577
1.312076
1.312068
1.312932
1.31326
1.313329
1.312917
1.311322
1.311192
1.310956
1.309771
1.309767
1.309615
1.308379
1.306806
1.306155
1.306215
1.306171
1.307029
1.306734
1.30668
1.307112
1.306568
1.304304
1.305007
1.305667
1.305159
1.305293
1.305125
1.305764
1.302732
1.302739
1.301614
1.3015
1.301391
1.300556
1.30262
1.303899
1.304613
1.305387
1.305648
1.306627
1.306844
1.306977
1.307251
1.307582
1.305833
1.305393
1.305131
1.303573
1.303469
1.303029
1.30129
1.300539
1.299724
1.29858
1.297786
1.297008
1.296789
1.296039
1.295123
1.294074
1.293818
1.292967
1.292645
1.292409
1.291809
1.290451
1.289589
1.289231
1.288956
1.287967
1.287387
1.285483
1.284286
1.28337
1.282134
1.28175
1.28116
1.28062
1.279534
1.278619
1.27667
1.275633
1.275129
1.274589
1.27417
1.273784
1.27319
1.272336
1.272647
1.271539
1.270613
1.269698
1.268401
1.267585
1.267421
1.266449
1.265134
1.264641
1.263951
1.262768
1.261785
1.260924
1.260102
1.258844
1.257939
1.25745
1.256628
1.255817
1.254958
1.254854
1.254347
1.253968
1.253541
1.253272
1.252568
1.252464
1.253985
1.253826
1.253625
1.25373
1.253847
1.254108
1.254557
1.255657
1.255847
1.256256
1.256745
1.256952
1.257397
1.25804
1.258533
1.260476
1.260653
1.260964
1.261457
1.262557
1.262981
1.263966
1.265045

1.26613
1.26717
1.267193
1.268543
1.269136
1.269779
1.269735
1.269913
1.27071
1.270227
1.270294
1.270605
1.270822
1.270708
1.271593
1.271529
1.272353
1.272128
1.27182
1.271544
1.271805
1.271812
1.271708
1.271711
1.270781
1.27123
1.270086
1.265861
1.265392
1.264631
1.263212
1.260614
1.259638
1.2589
1.257964
1.256548
1.25634
1.255646
1.256077
1.255104
1.257621
1.258954
1.259685
1.260549
1.261892
1.262352
1.263277
1.264074
1.264905
1.265045
1.266192
1.267767
1.269095
1.269892
1.270595
1.271966
1.272984
1.273102
1.274667
1.274723
1.275823
1.275604
1.275832
1.276425
1.275888
1.27638
1.277144
1.277358
1.278072
1.279532
1.280021
1.279978
1.281703
1.282474
1.278359
1.277112
1.275869
1.275479
1.274668
1.27316
1.270869
1.269847
1.268982
1.268935
1.26752
1.266316
1.26508
1.264358
1.263728
1.263339
1.263469
1.262604
1.262646
1.262603
1.262417
1.26044
1.260057
1.260368
1.260917
1.262756
1.263648
1.264685
1.267743
1.267789
1.267039
1.267308
1.267364
1.266161
1.266506
1.26617
1.265098
1.263746
1.263478
1.263313
1.262585
1.262125
1.262189
1.261913
1.261839
1.261785
1.260347
1.25978
1.259643
1.259535
1.259382
1.259385
1.257706
1.259499
1.260844
1.261454
1.2615
1.262539
1.263789
1.264646
1.264538
1.265263
1.266663
1.266619
1.267798
1.267926
1.268287
1.268454
1.270472
1.27065
1.270911
1.271141
1.272717
1.27336
1.274002
1.274777
1.275309
1.276676
1.277926
1.277443
1.277935
1.277556
1.278595
1.278045
1.278759
1.278741
1.279344
1.278439
1.273511
1.270305
1.269172
1.268136
1.266025
1.265049
1.263641
1.261261
1.259625
1.258217
1.257831
1.255709
1.255015
1.253551
1.253222
1.252028
1.250124
1.248113
1.246389
1.244069
1.242108
1.241397
1.240807
1.239824
1.240101
1.241519
1.241681
1.240776
1.240464
1.239786
1.238706
1.239973
1.241052
1.241662
1.241504
1.2415
1.241884
1.242002
1.243788
1.248387
1.25092
1.250973
1.251605
1.250865
1.249386
1.247613
1.246531
1.24588
1.244743
1.244689
1.243707
1.24247
1.242245
1.24019
1.239408
1.2378
1.236939
1.234012
1.233676
1.232254
1.230706
1.229455
1.230148
1.230222
1.230225
1.230227
1.230545
1.230612
1.230876
1.231031
1.231306
1.231815
1.231714
1.230076
1.230089
1.230025
1.229165
1.228896
1.228034
1.227171
1.227009
1.227498
1.228805
1.230114
1.230713
1.231313
1.233121
1.234002
1.234424
1.235288
1.235777
1.236319
1.236235
1.235523
1.235647
1.235821
1.236095
1.23534
1.23489
1.234085
1.233159
1.232941
1.232251
1.232076
1.232039
1.232886
1.233456
1.234145
1.235301
1.235612
1.236155
1.237512
1.239308
1.240675
1.241268
1.24275
1.244046
1.245782
1.246707
1.248564
1.249964
1.251485
1.252149
1.253321
1.254085
1.255406
1.256585
1.257624
1.25946
1.260489
1.262336
1.263807
1.266086
1.267125
1.268418
1.269618
1.271133
1.272299
1.274411
1.275014
1.276247
1.27685
1.278271
1.279394
1.280965
1.282225
1.283365
1.285754
1.288469
1.290409
1.29378
1.295416
1.295838
1.297219
1.298392
1.299045
1.300416
1.302098
1.303338
1.305616
1.306998
1.308137
1.309641
1.310244
1.311319
1.311497
1.312161
1.313008
1.313121
1.314207
1.315246
1.316331
1.317106
1.317262
1.319326
1.322949
1.323237
1.32399
1.324097
1.324557
1.326172
1.326118
1.327163
1.327202
1.327369
1.328398
1.328576
1.327489
1.327535
1.32826
1.327813
1.325419
1.320923
1.319532
1.318378
1.317031
1.311721
1.311181
1.310098
1.309236
1.309608
1.308686
1.306957
1.305549
1.305812
1.304144
1.304421
1.304672
1.302771
1.30386
1.30329
1.304847
1.306806
1.307406
1.308005
1.308179
1.309421
1.310302
1.311334
1.311843
1.312315
1.314596
1.316182
1.316443
1.317267
1.318021
1.318906
1.320417
1.322984
1.326019
1.326785
1.326902
1.32716
1.327227
1.327453
1.327982
1.32701
1.326966
1.32663
1.325658
1.324079
1.3236
1.323706

1.323347
1.322643
1.322025
1.321546
1.321652
1.321766
1.320783
1.320792
1.321558
1.321615
1.320311
1.321561
1.322888
1.323421
1.323682
1.325976
1.326582
1.32777
1.327504
1.326985
1.32671
1.325659
1.325666
1.324976
1.324386
1.323936
1.322588
1.322645
1.322034
1.32144
1.321225
1.320575
1.320223
1.318898
1.318268
1.318204
1.317242
1.316575
1.316095
1.315887
1.315159
1.314023
1.314353
1.314627
1.313827
1.31269
1.31205
1.312263
1.311291
1.311073
1.310218
1.309772
1.308206
1.307716
1.307783
1.305822
1.305647
1.305157
1.304942
1.30402
1.30338
1.303155
1.303329
1.303325
1.304029
1.304484
1.306277
1.307316
1.307848
1.30827
1.309744
1.312676
1.31604
1.318433
1.320119
1.321961
1.323537
1.324147
1.32458
1.322921
1.322192
1.321978
1.321934
1.321566
1.319776
1.318632
1.316903
1.317392
1.317398
1.317538
1.316898
1.315379
1.31484
1.314239
1.312549
1.312144
1.311365
1.311368
1.311153
1.310624
1.311943
1.313618
1.314378
1.315259
1.315744
1.316897
1.318019
1.318579
1.320525
1.320914
1.321932
1.322646
1.323631
1.32466
1.326281
1.32792
1.328962
1.329946
1.331732
1.333078
1.335521
1.336242
1.33652
1.336891
1.33922
1.339508
1.339769
1.341334
1.342309
1.343183
1.345251
1.345844
1.348398
1.348079
1.348893
1.350569
1.351454
1.353986
1.354396
1.353635
1.355538
1.35137
1.349469
1.348691
1.347068
1.340176
1.338447
1.336878
1.334817
1.333955
1.332222
1.335158
1.335104
1.327356
1.325781
1.326316
1.326262
1.327994
1.328486
1.333693
1.335613
1.33746
1.340164
1.341635
1.343039
1.346046
1.347219
1.348851
1.349879
1.351585
1.352493
1.354358
1.354083
1.354371
1.354528
1.357951
1.358058
1.357783
1.356225
1.354099
1.353294
1.352804
1.353504
1.354654
1.355971
1.35861
1.359324
1.36036
1.361499
1.362424
1.363791
1.364963
1.365748
1.371266
1.371604
1.372193
1.371978
1.37437
1.376763
1.378285
1.378938
1.380127
1.380942
1.384637
1.386487
1.387361
1.389204
1.39095
1.392247
1.394
1.394753
1.396928
1.400342
1.401106
1.403113
1.404102
1.405563
1.406815

1.408126
1.409205
1.409969
1.41149
1.413337
1.413233
1.412786
1.407759
1.405487
1.404505
1.405097
1.406512
1.407822
1.408972
1.41055
1.41456
1.413909
1.414307
1.414092
1.41431
1.417455
1.419348