1262
0.6807323696610339
0.5760952167507513
0.588381117597724
0.60213563977512
0.6131767252399097
0.6222552228622644
0.6306623445637939
0.6392712699675307
0.6474274262469792
0.6553496112867757
0.6642262608243867
0.6747968726835419
0.6896271512477635
0.7104360268005393
0.7312289967926968
0.7520406154998187
0.7730242835777751
0.7948137459972161
0.817001930380472
0.8374701907737442
0.8549809350755613
0.8708558190871702
0.8871568482640314
0.9061757965520529
0.9281479559150985
0.9472101520892234
0.9606630538491306
0.9692371634048893
0.975054169739429
0.979619151386151
0.9823708438506916
0.9834029340615396
0.9836254405780258
0.9836498849268165
0.9836512959796471
0.9836513798578627
